
time=121.79133 seconds

time=118.95807 seconds
