
time=116.63394 seconds

time=116.65004 seconds
