
time=113.54748 seconds

time=113.10467 seconds
