
time=889.82942 seconds

time=889.86689 seconds
